0 0 0 0 0 0 0 0 0 0 0 0 0 0 0 0 0 0 0 0 0 0 0 0 0 0 0 0 0 0 0 0 0 0 0 0 0 0 0 0 0 0 0 0 0 0 0 0 0 0 0 0 0 0 0 0 0 0 0 0 0 0 0 0 0 0 0 0 0 0 0 0 0 0 0 0 0 0 0 0 0 0 0 0 0 0 0 0 0 0 0
0 0 0 0 0 0 0 0 0 0 0 0 0 0 0 0 0 0 0 0 0 0 0 0 0 0 0 0 0 0 0 0 0 0 0 0 0 0 0 0 0 0 0 0 0 0 0 0 0 0 0 0 0 0 0 0 0 0 0 0 0 0 0 0 0 0 0 0 0 0 0 0 0 0 0 0 0 0 0 0 0 0 0 0 0 0 0 0 0 0 0
0 0 0 0 0 0 0 0 0 0 0 0 0 0 0 0 0 0 0 0 0 0 0 0 0 0 0 0 0 0 0 0 0 0 0 0 0 0 0 0 0 0 0 0 0 0 0 0 0 0 0 0 0 0 0 0 0 0 0 0 0 0 0 0 0 0 0 0 0 0 0 0 0 0 0 0 0 0 0 0 0 0 0 0 0 0 0 0 0 0 0
0 0 0 0 0 0 0 0 0 0 0 0 0 0 0 0 0 0 0 0 0 0 0 0 0 0 0 0 0 0 0 0 0 0 0 0 0 0 0 0 0 0 0 0 0 0 0 0 0 0 0 0 0 0 0 0 0 0 0 0 0 0 0 0 0 0 0 0 0 0 0 0 0 0 0 0 0 0 0 0 0 0 0 0 0 0 0 0 0 0 0
0 0 0 0 0 0 0 0 0 0 0 0 0 0 0 0 0 0 0 0 0 0 0 0 0 0 0 0 0 0 0 0 0 0 0 0 0 0 0 0 0 0 0 0 0 0 0 0 0 0 0 0 0 0 0 0 0 0 0 0 0 0 0 0 0 0 0 0 0 0 0 0 0 0 0 0 0 0 0 0 0 0 0 0 0 0 0 0 0 0 0
0 0 0 25 25 0 25 0 0 0 0 0 0 0 0 0 0 0 0 0 0 0 0 0 0 0 0 0 0 0 0 0 0 0 0 0 0 22 0 0 0 0 0 0 0 0 0 0 0 0 0 0 0 0 0 0 0 0 0 0 0 0 0 0 0 0 0 0 0 0 0 0 0 0 0 0 0 0 0 0 0 0 0 0 0 0 0 0 0 0 0
0 25 25 25 25 25 25 25 0 0 0 0 0 0 0 0 0 0 0 0 0 0 0 0 0 0 0 0 0 0 0 0 0 0 0 0 22 22 22 22 22 22 0 0 0 0 0 0 0 0 0 0 0 0 0 0 0 0 0 0 0 0 0 0 0 0 0 0 0 0 0 0 0 0 0 0 0 0 0 0 0 0 0 0 0 0 0 0 0 0 0
0 25 25 25 25 25 25 25 25 0 0 0 0 0 0 0 0 0 0 0 0 0 0 22 22 22 22 0 22 22 22 22 22 22 22 22 22 22 22 22 22 22 22 20 20 20 0 0 0 0 0 0 0 0 0 0 0 0 0 0 0 0 0 0 0 0 0 0 0 0 0 0 0 0 0 0 0 0 0 0 0 0 0 0 0 0 0 0 0 0 0
0 25 25 25 25 25 25 25 25 0 0 0 0 0 0 0 0 0 0 0 18 18 18 22 22 22 22 22 22 22 22 22 22 22 22 22 22 22 22 22 20 20 20 20 20 20 12 12 23 23 0 0 0 0 0 0 0 0 0 0 0 0 0 0 0 0 0 0 0 0 0 0 0 0 0 0 0 0 0 0 0 0 0 0 0 0 0 0 0 0 0
0 25 25 25 25 25 25 25 25 25 25 25 25 25 0 0 0 0 0 18 18 18 18 22 22 22 22 22 22 22 22 22 22 22 22 22 22 22 22 20 20 20 20 20 20 20 12 12 23 23 23 23 23 0 0 0 0 0 0 0 0 0 0 0 0 0 0 0 0 0 0 0 0 0 0 0 0 0 0 0 0 0 0 0 0 0 0 0 0 0 0
0 25 25 25 25 25 25 25 25 25 25 25 25 25 25 18 18 18 18 18 18 18 18 22 22 22 22 22 22 22 22 22 22 22 22 22 22 22 22 20 20 20 20 20 20 20 12 12 23 23 23 23 23 23 23 0 0 0 0 0 0 0 0 0 0 0 0 0 0 0 0 0 0 0 0 0 0 0 0 0 0 0 0 0 0 0 0 0 0 0 0
0 25 25 25 25 25 25 25 25 25 25 25 25 25 18 18 18 18 18 18 18 18 18 22 22 22 22 22 22 22 22 22 22 22 22 22 22 22 20 20 20 20 20 20 20 12 12 12 23 23 23 23 23 23 23 23 23 23 23 0 0 0 0 0 0 0 0 0 0 0 0 0 0 0 0 0 0 0 0 0 0 0 0 0 0 0 0 0 0 0 0
25 25 25 25 25 25 25 25 25 25 25 25 25 25 18 18 18 18 18 18 18 18 18 22 22 22 22 22 22 22 22 22 22 22 22 22 22 22 20 20 20 20 20 20 20 12 12 12 23 23 23 23 23 23 23 23 23 23 23 23 23 23 0 0 0 0 0 0 0 0 0 24 24 24 24 24 0 0 0 24 24 24 24 24 0 0 0 0 0 0 0
0 0 25 25 25 25 25 25 25 25 25 25 25 18 18 18 18 18 18 18 18 18 18 22 22 22 22 22 22 22 22 22 22 22 22 22 22 22 20 20 20 20 20 20 20 12 12 12 23 23 23 23 23 23 23 23 23 23 23 23 23 23 15 0 15 15 15 15 0 24 24 24 24 24 24 24 24 24 24 24 24 24 24 24 24 24 0 0 0 0 0
0 0 25 25 25 25 25 25 25 25 25 25 18 18 18 18 18 18 18 18 18 18 18 22 22 22 22 22 22 22 22 22 22 22 22 22 22 22 20 20 20 20 20 20 20 12 12 12 23 23 23 23 23 23 23 23 23 23 23 23 23 23 15 15 15 15 15 24 24 24 24 24 24 24 24 24 24 24 24 24 24 24 24 24 24 24 0 0 0 0 0
0 0 0 0 0 0 0 0 0 0 0 14 18 18 18 18 18 18 18 18 18 18 18 22 22 22 22 22 22 22 22 22 22 22 22 22 22 22 20 20 20 20 20 20 20 12 12 12 23 23 23 23 23 23 23 23 23 23 23 23 23 23 15 15 15 15 15 24 24 24 24 24 24 24 24 24 24 24 24 24 24 24 24 24 24 24 0 0 0 0 0
0 0 0 0 0 0 0 0 0 0 0 14 18 18 18 18 18 18 18 18 18 18 18 22 22 22 22 22 22 22 22 22 22 22 22 22 22 22 20 20 20 20 20 20 20 12 12 12 23 23 23 23 23 23 23 23 23 23 23 23 23 15 15 15 15 15 15 15 24 24 24 24 24 24 24 24 24 24 24 24 24 24 24 24 24 24 24 24 24 24 24
0 0 0 0 0 0 0 0 0 0 14 14 13 13 13 13 18 18 18 18 18 18 18 22 22 22 22 22 22 22 22 22 22 22 22 22 22 22 20 20 20 20 20 12 12 12 12 12 23 23 23 23 23 23 23 23 23 23 16 16 16 15 15 15 15 15 15 15 24 24 24 24 24 24 24 24 24 24 24 24 24 24 24 24 24 24 0 0 0 0 0
0 0 0 0 0 0 0 0 14 14 14 14 13 13 13 13 13 18 18 18 18 18 18 18 22 22 22 22 22 22 22 22 22 22 22 22 22 22 20 20 20 20 12 12 12 12 12 23 23 23 23 23 23 23 23 23 23 23 16 16 15 15 15 15 15 15 15 15 15 24 24 24 24 24 24 24 24 24 24 24 24 24 24 24 24 0 0 0 0 0 0
0 0 0 0 0 0 0 14 14 14 14 14 13 13 13 13 18 18 18 18 18 18 21 21 21 21 21 21 21 22 22 22 22 22 22 22 22 20 20 20 20 12 12 12 12 12 12 23 23 23 23 23 23 23 23 23 23 16 16 16 15 15 15 15 15 15 15 15 15 15 15 24 24 24 24 24 24 24 24 24 24 0 0 0 0 0 0 0 0 0 0
0 0 0 0 0 14 14 14 14 14 14 14 14 13 13 13 18 18 18 18 18 18 21 21 21 21 21 21 21 22 22 20 20 20 20 20 20 20 20 20 12 12 12 12 23 23 23 23 23 23 23 23 23 23 23 23 23 16 16 16 15 15 15 15 15 15 15 15 15 15 15 15 24 24 24 24 24 24 24 24 11 11 0 0 0 0 0 0 0 0 0
0 0 0 0 14 14 14 14 14 14 14 14 14 13 13 13 18 18 18 18 18 18 21 21 21 21 21 21 21 22 22 20 20 20 20 20 20 20 20 20 12 12 12 12 23 23 23 23 23 23 23 23 23 23 23 23 23 16 16 16 15 15 15 15 15 15 15 15 15 15 15 15 15 24 24 24 24 24 24 11 11 11 0 0 0 0 0 0 0 0 0
0 0 0 0 14 14 14 14 14 14 14 14 14 13 13 13 18 18 18 18 18 18 21 21 21 21 21 21 21 21 20 20 20 20 20 20 20 12 12 12 12 12 17 17 23 23 23 23 23 23 23 23 23 23 23 23 23 16 16 16 15 15 15 15 15 15 15 15 15 15 15 15 15 9 11 11 11 11 11 11 11 11 11 0 0 0 0 0 0 0 0
0 0 0 14 14 14 14 14 14 14 14 14 14 13 13 13 18 18 18 18 18 18 21 21 21 21 21 21 21 21 21 21 21 21 12 12 12 12 12 12 12 17 17 17 23 23 23 23 23 23 23 23 23 23 23 16 16 16 16 16 15 15 15 15 15 15 15 15 15 15 15 15 15 9 11 11 11 11 11 11 11 11 11 11 0 0 0 0 0 0 0
0 0 0 14 14 14 14 14 14 14 14 14 14 13 13 13 18 18 18 18 18 18 21 21 21 21 21 21 21 21 21 21 21 12 12 12 12 12 12 12 12 17 17 17 17 17 17 16 16 16 23 23 23 16 16 16 16 16 16 16 15 15 15 15 15 16 16 16 16 16 16 16 16 9 9 9 11 11 11 11 11 11 11 11 11 0 0 0 0 0 0
0 14 14 14 14 14 14 14 14 14 14 14 14 13 13 13 13 19 19 18 18 21 21 21 21 21 21 21 21 21 21 21 21 12 12 12 12 12 12 17 17 17 17 17 16 16 16 16 16 16 16 16 16 16 16 16 16 16 16 16 15 15 15 15 16 16 16 16 16 16 16 16 16 9 9 9 11 11 11 11 11 11 11 11 11 11 0 0 0 0 0
0 14 14 14 14 14 14 14 14 14 14 14 14 13 13 13 13 19 19 18 18 21 21 21 21 21 21 21 21 21 21 21 21 12 12 12 12 12 12 17 17 17 17 17 16 16 16 16 16 16 16 16 16 16 16 16 16 16 16 16 15 15 15 16 16 16 16 16 16 16 16 16 16 9 9 9 11 11 11 11 11 11 11 11 11 11 11 0 0 0 0
14 14 14 14 14 14 14 14 14 14 14 14 14 13 13 13 13 19 19 19 19 21 21 21 21 21 21 21 21 21 12 12 12 12 12 12 12 12 12 17 17 17 17 17 16 16 16 16 16 16 16 16 16 16 16 16 16 16 16 16 15 16 16 16 16 16 16 16 16 16 16 16 16 9 9 9 9 11 11 11 11 11 11 11 11 11 11 0 0 0 0
0 0 0 14 14 14 14 14 14 0 0 0 13 13 13 13 13 13 13 13 19 19 19 19 19 21 21 21 21 21 12 12 12 12 12 12 8 17 17 17 17 17 17 17 17 16 16 16 16 16 16 16 16 16 16 16 16 16 16 16 16 16 16 16 16 16 16 16 16 16 16 16 16 9 9 9 9 9 11 11 11 11 11 11 11 11 11 0 0 0 0
0 0 0 14 14 14 0 0 0 0 0 0 13 13 13 13 13 13 13 13 19 12 12 12 12 12 12 12 12 12 12 12 12 12 12 8 8 17 17 17 17 17 17 17 17 17 17 17 16 16 16 16 16 16 16 16 16 16 16 16 16 16 16 16 16 16 16 16 16 16 16 16 9 9 9 9 9 9 9 11 11 11 11 11 11 11 11 0 0 0 0
0 0 0 0 0 0 0 0 0 0 0 13 13 13 13 13 13 13 13 13 13 12 12 12 12 12 12 12 12 12 12 12 12 12 12 8 8 17 17 17 17 17 17 17 17 17 17 17 17 17 16 16 16 16 16 16 16 16 16 16 16 16 16 16 16 16 16 16 16 16 16 16 9 9 9 9 9 9 9 9 11 11 11 11 11 11 11 11 0 0 0
0 0 0 0 0 0 0 0 0 0 13 13 13 13 13 13 13 13 13 13 13 13 13 13 13 13 12 12 12 12 12 12 12 12 8 8 8 17 17 17 17 17 17 17 17 17 17 17 17 17 17 16 16 16 16 16 16 16 16 16 16 16 16 16 16 16 16 16 16 16 16 16 9 9 9 9 9 9 9 9 9 9 11 11 11 11 11 11 0 0 0
0 0 0 0 0 0 0 0 0 0 13 13 13 13 13 13 13 13 13 13 13 13 13 13 13 13 13 12 12 12 12 12 12 12 8 8 17 17 17 17 17 17 17 17 17 17 17 17 17 17 17 16 16 16 16 16 16 16 16 16 16 16 16 16 16 16 16 16 16 16 3 3 9 9 9 9 9 9 9 9 9 9 11 11 11 11 11 11 11 0 0
0 0 0 0 0 0 0 0 0 13 13 13 13 13 13 13 13 13 13 13 13 13 13 13 13 13 13 12 12 12 12 12 12 8 8 8 17 17 17 17 17 17 17 17 17 17 17 17 17 17 17 16 16 16 16 16 16 16 16 16 16 16 16 16 16 16 16 16 16 3 3 3 3 9 9 9 9 9 9 9 9 9 11 11 11 11 11 11 11 0 0
0 0 0 0 0 0 0 0 0 13 13 13 13 13 13 13 13 13 13 13 13 13 13 13 13 13 13 13 12 12 12 12 8 8 8 8 17 17 17 17 17 17 7 7 7 7 17 17 17 17 17 17 16 16 16 16 16 16 16 16 16 16 16 16 16 16 3 3 3 3 3 3 3 9 9 9 9 9 9 9 9 9 9 11 11 11 11 11 11 0 0
0 0 0 0 0 0 0 0 13 13 13 13 13 13 13 13 13 13 13 13 13 13 13 13 13 13 13 13 13 13 12 8 8 8 8 8 17 17 17 17 7 7 7 7 7 7 17 17 17 17 17 17 16 16 16 16 16 16 16 16 16 16 16 3 3 3 3 3 3 3 3 3 3 9 9 9 9 9 9 9 9 9 11 11 11 11 11 11 11 0 0
0 0 0 0 0 0 0 13 13 13 13 13 13 13 13 13 13 13 13 13 13 13 13 13 13 13 13 13 13 13 13 8 8 8 8 8 8 7 7 7 7 7 7 7 7 7 7 7 7 7 7 7 7 16 16 16 16 16 16 16 16 16 3 3 3 3 3 3 3 3 3 3 3 3 9 9 9 9 9 9 9 9 11 11 11 11 11 11 11 0 0
0 0 0 0 6 13 13 13 13 13 13 13 13 13 13 13 13 13 13 13 13 13 13 13 13 13 13 13 13 13 8 8 8 8 8 8 8 8 8 7 7 7 7 7 7 7 7 7 7 7 7 7 7 7 7 16 16 16 16 16 16 16 3 3 3 3 3 3 3 3 3 3 3 3 9 9 9 9 9 9 9 11 11 11 11 11 11 11 11 0 0
0 0 0 6 6 13 13 13 13 13 13 13 13 13 13 13 13 13 13 13 13 13 13 13 13 13 13 13 8 8 8 8 8 8 8 8 8 8 8 8 7 7 7 7 7 7 7 7 7 7 7 7 7 7 7 7 16 16 16 16 16 3 3 3 3 3 3 3 3 3 3 3 3 3 9 9 9 9 9 9 9 11 11 11 11 11 11 11 11 0 0
0 0 6 6 6 13 13 13 13 13 13 13 13 13 13 13 13 13 13 13 13 13 13 13 13 13 13 8 8 8 8 8 8 8 8 8 8 8 8 8 7 7 7 7 7 7 7 7 7 7 7 7 7 7 7 7 7 7 16 16 16 3 3 3 3 3 3 3 3 3 3 3 3 3 9 9 9 9 9 9 11 11 11 11 11 11 11 11 11 0 0
0 0 6 6 6 13 13 13 13 13 13 13 13 13 13 13 13 13 13 13 13 13 13 13 13 5 8 8 8 8 8 8 8 8 8 8 8 8 8 8 8 8 7 7 7 7 7 7 7 7 7 7 7 7 7 7 7 7 7 7 7 3 3 3 3 3 3 3 3 3 3 3 3 3 10 9 9 9 9 9 11 11 11 11 11 11 11 11 11 11 0
0 6 6 6 6 13 13 13 13 13 13 13 13 13 13 13 13 13 13 13 13 13 13 13 5 5 8 8 8 8 8 8 8 8 4 4 4 4 4 4 4 4 4 4 7 7 7 7 7 7 7 7 7 7 7 7 7 7 7 7 7 3 3 3 3 3 3 3 3 3 3 3 3 10 10 10 10 9 9 9 9 11 11 11 11 11 11 11 11 11 0
0 6 6 6 6 13 13 13 13 13 13 13 13 13 13 13 13 13 13 13 13 13 13 5 5 5 8 8 8 8 8 8 8 8 4 4 4 4 4 4 4 4 4 4 7 7 7 7 7 7 7 7 7 7 7 7 7 7 7 7 7 7 3 3 3 3 3 3 3 3 3 3 3 10 10 10 10 10 10 10 10 11 11 11 11 11 11 11 11 11 0
0 6 6 6 6 13 13 13 13 13 13 13 13 13 13 13 13 13 13 13 13 5 5 5 5 5 5 8 8 8 8 8 8 4 4 4 4 4 4 4 4 4 4 4 4 7 7 7 7 7 7 7 7 7 7 7 7 4 4 4 7 3 3 3 3 3 3 3 3 3 3 3 10 10 10 10 10 10 10 10 10 10 10 11 11 11 11 11 0 0 0
0 6 6 6 6 13 13 13 13 13 13 13 13 13 13 13 13 13 13 5 5 5 5 5 5 5 8 8 8 8 8 8 8 4 4 4 4 4 4 4 4 4 4 4 4 4 4 4 4 7 7 7 7 4 4 4 4 4 4 4 7 3 3 3 3 3 3 3 3 3 3 3 3 10 10 10 10 10 10 10 10 10 10 11 11 11 11 0 0 0 0
0 6 6 6 6 6 13 13 13 13 13 13 13 13 13 13 13 13 5 5 5 5 5 5 5 5 8 8 8 8 8 8 8 4 4 4 4 4 4 4 4 4 4 4 4 4 4 4 4 4 4 4 4 4 4 4 4 4 4 4 4 3 3 3 3 3 3 3 3 3 3 3 10 10 10 10 10 10 10 10 10 10 10 10 10 11 0 0 0 0 0
0 6 6 6 6 6 13 13 13 13 13 13 13 13 13 13 13 13 5 5 5 5 5 5 5 5 5 8 8 8 8 8 8 4 4 4 4 4 4 4 4 4 4 4 4 4 4 4 4 4 4 4 4 4 4 4 4 4 4 4 4 3 3 3 3 3 3 3 3 3 3 3 10 10 10 10 10 10 10 10 10 10 10 10 10 0 0 0 0 0 0
0 6 6 6 6 6 13 13 13 13 13 13 5 5 5 5 5 5 5 5 5 5 5 5 5 5 5 5 8 8 4 4 4 4 4 4 4 4 4 4 4 4 4 4 4 4 4 4 4 4 4 4 4 4 4 4 4 4 4 4 4 4 3 3 3 3 3 3 3 3 3 3 10 10 10 10 10 10 10 10 10 10 10 10 0 0 0 0 0 0 0
0 6 6 6 6 6 13 13 13 13 13 13 5 5 5 5 5 5 5 5 5 5 5 5 5 5 5 5 5 4 4 4 4 4 4 4 4 4 4 4 4 4 4 4 4 4 4 4 4 4 4 4 4 4 4 4 4 4 4 4 4 4 4 3 3 3 3 3 3 3 3 3 10 10 10 10 10 10 10 10 10 10 10 10 0 0 0 0 0 0 0
0 0 6 6 6 5 5 5 5 5 5 5 5 5 5 5 5 5 5 5 5 5 5 5 5 5 5 5 5 4 4 4 4 4 4 4 4 4 4 4 4 4 4 4 4 4 4 4 4 4 4 4 4 4 4 4 4 4 4 4 4 4 4 4 3 3 3 3 3 3 3 3 10 10 10 10 10 10 10 10 10 10 10 0 0 0 0 0 0 0 0
6 6 6 6 6 5 5 5 5 5 5 5 5 5 5 5 5 5 5 5 5 5 5 5 5 5 5 5 5 4 4 4 4 4 4 4 4 4 4 4 4 4 4 4 4 4 4 4 4 4 4 4 4 4 4 4 4 4 4 4 4 4 4 4 3 3 3 3 3 3 3 3 10 10 10 10 10 10 10 10 0 10 0 0 0 0 0 0 0 0 0
0 0 0 0 0 5 5 5 5 5 5 5 5 5 5 5 5 5 5 5 5 5 5 5 5 5 5 5 5 4 4 4 4 4 4 4 4 4 4 4 4 4 4 4 4 4 4 4 4 4 4 4 4 4 4 4 4 4 4 4 4 4 4 4 3 3 3 3 3 3 3 3 10 10 10 10 10 10 10 10 0 0 0 0 0 0 0 0 0 0 0
0 0 0 0 0 5 5 5 5 5 5 5 5 5 5 5 5 5 5 5 5 5 5 5 5 5 5 5 5 4 4 4 4 4 4 4 4 4 4 4 4 4 4 4 4 4 4 4 4 4 4 4 4 4 4 4 4 4 4 4 4 4 4 4 4 4 4 3 3 3 3 3 10 10 10 10 10 10 10 10 0 0 0 0 0 0 0 0 0 0 0
0 0 0 0 0 5 5 5 5 5 5 5 5 5 5 5 5 5 5 5 5 5 5 5 5 5 5 5 5 4 4 4 4 4 4 4 4 4 4 4 4 4 4 4 4 4 4 4 4 4 4 4 4 4 4 4 4 4 4 4 4 4 4 4 4 4 4 4 4 4 4 4 10 10 10 10 10 10 10 10 0 0 0 0 0 0 0 0 0 0 0
0 0 0 0 0 0 5 5 5 5 5 5 5 5 5 5 5 5 5 5 5 5 5 5 5 5 2 5 2 4 4 4 4 4 4 4 4 4 4 4 4 4 4 4 4 4 4 4 4 4 4 4 4 4 4 4 4 4 4 4 4 4 4 4 4 4 4 4 4 4 4 4 4 4 10 10 10 10 10 0 0 0 0 0 0 0 0 0 0 0 0
0 0 0 0 0 0 0 5 5 5 5 5 5 5 5 5 5 5 5 5 5 5 5 5 5 2 2 2 2 2 4 4 4 4 4 4 4 4 4 4 4 4 4 4 4 4 4 4 4 4 4 4 4 4 4 4 4 4 4 4 4 4 4 4 4 4 4 4 4 4 4 4 4 4 4 4 4 4 4 0 0 0 0 0 0 0 0 0 0 0 0
0 0 0 0 0 0 0 0 5 5 5 5 5 5 5 5 5 5 5 5 5 5 5 5 5 2 2 2 2 2 2 2 4 4 4 4 4 4 4 4 4 4 4 4 4 4 4 4 4 4 4 4 4 4 4 4 4 4 4 4 4 4 4 4 4 4 4 4 4 4 4 4 4 4 4 4 4 4 4 0 0 0 0 0 0 0 0 0 0 0 0
0 0 0 0 0 0 0 0 0 5 5 5 5 5 5 5 5 5 5 5 5 5 2 2 2 2 2 2 2 2 2 2 2 4 4 4 4 4 4 4 4 4 4 4 4 4 4 4 4 4 4 4 4 4 4 4 4 4 4 4 4 4 4 4 4 4 4 4 4 4 4 4 4 4 4 4 4 4 4 0 0 0 0 0 0 0 0 0 0 0 0
0 0 0 0 0 0 0 0 0 5 5 5 0 2 2 2 2 5 2 2 2 2 2 2 2 2 2 2 2 2 2 2 2 2 4 4 4 4 4 4 4 4 4 4 4 4 4 4 4 4 4 4 4 4 4 4 4 4 4 4 4 4 4 4 4 4 4 4 4 4 4 4 4 4 4 4 4 4 4 0 0 0 0 0 0 0 0 0 0 0 0
0 0 0 0 0 0 0 0 0 0 0 0 0 2 2 2 2 2 2 2 2 2 2 2 2 2 2 2 2 2 2 2 2 2 2 2 4 4 4 4 4 4 4 4 4 4 4 4 4 4 4 4 4 4 4 4 4 4 4 4 4 4 4 4 4 4 4 4 4 4 4 4 4 4 4 4 4 4 4 4 0 0 0 0 0 0 0 0 0 0 0
0 0 0 0 0 0 0 0 0 0 0 0 0 2 2 2 2 2 2 2 2 2 2 2 2 2 2 2 2 2 2 2 2 2 2 2 2 2 4 4 4 4 4 4 4 4 4 4 4 4 4 4 4 4 4 4 4 4 4 4 4 4 4 4 4 4 4 4 4 4 4 4 4 4 4 4 4 4 4 0 0 0 0 0 0 0 0 0 0 0 0
0 0 0 0 0 0 0 0 0 0 0 0 0 2 2 2 2 2 2 2 2 2 2 2 2 2 2 2 2 2 2 2 2 2 2 2 2 2 2 2 4 4 4 4 4 4 4 4 4 4 4 4 4 4 4 4 4 4 4 4 4 4 4 4 4 4 4 4 4 4 4 4 4 4 4 4 4 4 4 0 0 0 0 0 0 0 0 0 0 0 0
0 0 0 0 0 0 0 0 0 0 2 2 2 2 2 2 2 2 2 2 2 2 2 2 2 2 2 2 2 2 2 2 2 2 2 2 2 2 2 2 4 4 4 4 4 4 4 4 4 4 4 4 4 4 4 4 4 4 4 4 4 4 4 4 4 4 4 4 4 4 4 4 4 4 4 4 4 4 4 0 0 0 0 0 0 0 0 0 0 0 0
0 0 0 0 0 0 0 0 0 0 2 2 2 2 2 2 2 2 2 2 2 2 2 2 2 2 2 2 2 2 2 2 2 2 2 2 2 2 2 2 1 1 1 4 4 4 4 4 4 4 4 4 4 4 4 4 4 4 4 4 4 4 4 4 4 4 4 4 4 4 4 4 4 4 4 4 4 4 4 0 0 0 0 0 0 0 0 0 0 0 0
0 0 0 0 0 0 0 0 0 0 2 2 2 2 2 2 2 2 2 2 2 2 2 2 2 2 2 2 2 2 1 1 1 1 1 1 1 1 1 1 1 1 1 1 4 4 4 4 4 4 4 4 4 4 4 4 4 4 4 4 4 4 4 4 4 4 4 4 4 4 4 4 4 4 4 4 4 4 4 0 0 0 0 0 0 0 0 0 0 0 0
0 0 0 0 0 0 0 0 0 2 2 2 2 2 2 2 2 2 2 2 2 2 2 2 2 2 2 2 1 1 1 1 1 1 1 1 1 1 1 1 1 1 1 1 1 4 4 4 4 4 4 4 4 4 4 4 4 4 4 4 4 4 4 4 4 4 4 4 4 4 4 4 4 4 4 4 4 4 0 0 0 0 0 0 0 0 0 0 0 0 0
0 0 0 0 0 0 0 0 0 2 2 2 2 2 2 2 2 2 2 2 2 2 2 2 1 2 1 1 1 1 1 1 1 1 1 1 1 1 1 1 1 1 1 1 1 1 1 4 4 4 4 4 4 4 4 4 4 4 4 4 4 4 4 4 4 4 4 4 4 4 4 4 4 4 4 4 0 0 0 0 0 0 0 0 0 0 0 0 0 0 0
0 0 0 0 0 0 0 0 0 2 2 2 2 2 2 2 2 2 2 2 2 2 1 1 1 1 1 1 1 1 1 1 1 1 1 1 1 1 1 1 1 1 1 1 1 1 1 1 4 4 4 4 4 4 4 4 4 4 4 4 4 4 4 4 4 4 4 4 4 4 4 4 4 0 0 0 0 0 0 0 0 0 0 0 0 0 0 0 0 0 0
0 0 0 0 0 0 0 0 0 2 2 2 2 2 2 2 2 2 2 2 2 2 1 1 1 0 0 1 1 1 1 1 1 1 1 1 1 1 1 1 1 1 1 0 0 0 1 1 1 1 1 0 0 0 4 4 4 4 4 4 4 4 4 4 4 4 4 4 0 0 0 4 0 0 0 0 0 0 0 0 0 0 0 0 0 0 0 0 0 0 0
0 0 0 0 0 0 0 0 0 2 0 0 0 0 0 0 0 0 0 0 0 0 1 0 0 0 0 0 0 0 0 0 0 0 0 0 0 0 0 0 0 0 0 0 0 0 0 0 0 0 0 0 0 0 0 0 0 0 0 0 0 0 0 0 0 0 0 0 0 0 0 0 0 0 0 0 0 0 0 0 0 0 0 0 0 0 0 0 0 0 0
