"V1" "V2" "V3" "V4" "V5" "V6" "V7" "V8" "V9" "V10" "V11" "V12" "V13" "V14" "V15" "V16" "V17" "V18" "V19" "V20" "V21" "V22" "V23" "V24" "V25" "V26" "V27" "V28" "V29" "V30" "V31" "V32" "V33" "V34" "V35" "V36" "V37" "V38" "V39" "V40" "V41" "V42" "V43" "V44" "V45" "V46" "V47" "V48" "V49" "V50" "V51" "V52" "V53" "V54" "V55" "V56" "V57" "V58" "V59" "V60" "V61" "V62" "V63" "V64" "V65" "V66" "V67" "V68" "V69" "V70"
NA NA NA NA NA NA NA NA NA NA NA NA NA NA NA NA NA NA NA 20 NA NA NA NA NA NA NA NA NA NA NA NA NA NA NA NA NA NA NA NA NA NA 43 NA NA NA NA NA NA NA NA NA NA NA NA NA NA 58 NA NA NA NA NA NA NA NA NA NA NA NA
NA NA NA NA NA NA NA NA NA NA NA NA NA NA NA NA NA NA NA 20 NA 22 22 22 22 22 22 22 22 NA NA NA NA NA NA NA NA NA NA NA NA NA 43 43 43 NA NA NA NA NA NA NA NA NA NA NA NA 58 59 59 59 59 59 59 NA NA NA NA NA NA
NA NA NA NA NA NA NA NA NA NA NA NA NA NA NA NA NA NA NA 20 21 22 22 22 22 22 22 22 22 22 22 NA NA NA NA NA NA NA NA NA NA NA 43 43 43 NA NA NA NA NA NA NA NA NA NA 58 58 58 59 59 59 59 59 59 NA NA NA NA NA NA
NA NA NA NA NA NA NA NA NA NA NA NA NA NA NA NA NA NA NA 20 21 22 22 22 22 22 22 22 22 22 22 22 NA NA NA NA NA NA NA NA 43 43 43 44 44 44 44 NA NA NA NA NA NA NA NA 58 58 58 59 59 59 59 59 59 59 NA NA NA NA NA
NA NA NA NA NA NA NA NA NA NA NA NA NA NA NA NA NA NA NA 20 21 22 22 22 22 22 22 22 22 22 22 22 22 NA NA NA NA NA NA NA 43 43 43 44 44 44 44 44 44 NA NA NA NA NA NA 58 58 58 59 59 59 59 59 59 59 NA NA NA NA NA
NA NA NA NA NA NA NA NA NA NA NA NA NA NA NA NA 19 19 21 21 21 22 22 22 22 26 26 26 26 26 26 26 26 NA NA NA NA NA NA NA 43 43 43 44 44 44 44 44 44 44 NA NA NA NA NA 58 58 58 59 59 59 59 59 59 NA NA NA NA NA NA
NA NA NA NA NA NA NA NA NA NA NA NA NA NA NA 19 19 19 21 21 21 22 23 23 25 26 26 26 26 26 26 26 26 NA NA NA NA NA NA NA NA 44 44 44 44 44 44 44 44 44 NA NA NA NA NA 58 58 58 59 59 59 59 59 59 59 NA NA NA NA NA
NA NA NA NA NA NA NA NA NA NA NA NA NA NA 19 19 19 19 19 20 21 22 23 24 25 26 26 26 26 26 26 26 26 26 NA NA NA NA NA NA NA 44 44 44 44 44 44 44 44 44 44 NA NA NA NA 58 58 58 59 59 59 59 59 59 NA NA NA NA NA NA
NA NA NA NA NA NA NA NA NA NA NA NA NA 19 19 19 19 19 19 20 21 22 23 24 25 26 26 26 26 26 26 26 26 26 30 NA NA NA NA NA NA 44 44 44 44 44 44 44 44 44 44 44 NA NA NA 58 58 58 59 59 59 59 59 NA NA NA NA NA NA NA
1 2 3 3 3 NA NA NA NA NA NA 19 19 19 19 19 19 19 19 19 21 22 23 24 26 26 27 28 28 28 28 28 30 30 30 30 30 NA NA NA NA NA 44 44 44 44 44 44 44 44 44 44 NA NA NA 58 58 58 59 59 59 NA NA NA NA NA NA NA NA NA
NA 2 3 3 3 3 3 3 NA NA NA 19 19 19 19 19 19 19 19 19 19 22 23 26 26 26 27 28 28 28 30 30 30 30 30 33 33 33 33 NA NA NA 44 44 44 44 44 44 44 44 44 44 44 NA NA 58 58 58 59 59 59 NA NA NA NA NA NA NA NA NA
NA 2 3 3 3 3 3 3 NA NA NA 19 19 19 19 19 19 19 19 19 19 22 23 26 27 27 27 28 28 28 30 30 30 30 33 33 33 33 33 33 NA NA 44 44 44 44 44 44 44 44 44 44 44 44 44 58 58 58 59 59 59 NA NA NA NA NA NA NA NA NA
NA 2 3 3 3 3 3 3 NA NA NA NA 19 19 19 19 19 19 19 19 19 19 19 26 27 27 27 28 29 30 30 30 30 30 33 33 33 33 33 33 33 33 44 44 44 44 44 44 44 44 33 33 33 51 51 51 58 58 59 59 59 NA NA NA NA NA NA NA NA NA
NA 2 3 4 4 4 4 4 4 4 4 4 19 19 19 19 19 19 19 19 19 19 19 27 27 27 27 28 29 30 31 31 33 33 33 33 33 33 33 33 33 33 33 33 33 33 33 33 33 33 33 36 36 51 51 51 51 59 59 59 59 NA NA NA NA NA NA NA NA NA
NA 2 3 4 4 4 4 4 4 4 4 4 19 19 19 19 19 19 19 19 19 19 19 27 27 27 27 28 30 30 31 32 33 33 34 34 34 34 34 34 36 36 36 36 36 36 36 36 36 36 36 36 36 51 51 51 51 51 51 59 NA NA NA NA NA NA NA NA NA NA
NA 2 3 4 4 4 4 4 4 4 4 4 19 19 19 19 19 19 19 19 19 19 19 27 27 27 27 28 30 30 31 32 33 34 34 34 34 36 36 36 36 36 36 36 36 36 36 36 36 36 36 36 36 51 51 51 51 51 51 51 NA NA NA NA NA NA NA NA NA NA
NA 3 3 4 5 5 5 5 5 4 4 4 19 19 19 19 19 19 19 20 20 20 20 27 27 27 27 30 30 30 31 32 33 34 35 35 36 36 36 36 36 36 36 36 36 46 47 47 47 50 51 36 51 51 51 51 51 51 51 51 NA NA NA NA NA NA NA NA NA NA
NA 3 3 4 5 5 5 5 5 5 5 19 19 19 19 19 19 19 19 20 20 20 23 27 27 27 27 30 30 31 31 33 33 34 35 36 36 36 36 36 36 36 43 43 43 46 47 47 47 50 51 51 51 51 51 51 51 51 51 51 NA NA NA NA NA NA NA NA NA NA
NA 3 3 4 5 6 7 7 5 5 5 5 19 19 19 19 19 19 19 20 21 21 23 23 23 27 30 30 30 31 31 33 33 35 35 36 37 38 38 38 38 38 43 43 43 46 47 48 49 50 51 51 51 51 51 51 51 51 51 51 NA NA NA NA NA NA NA NA NA NA
NA 3 4 4 5 5 7 7 7 7 7 7 19 19 19 19 19 19 19 20 21 22 23 23 23 23 30 30 30 31 31 33 33 35 35 36 37 38 39 40 40 40 43 44 45 46 47 47 47 47 51 51 51 51 51 51 51 51 51 51 51 NA NA NA NA NA NA NA NA NA
NA 3 4 4 5 5 7 7 7 7 7 7 19 19 19 19 19 19 19 20 21 22 23 23 23 23 30 30 30 31 31 33 35 35 35 36 37 38 39 40 41 42 43 44 45 46 46 46 47 47 51 51 51 51 51 51 51 51 51 51 51 51 NA NA NA NA NA NA NA NA
NA 3 4 4 5 5 7 7 7 7 7 7 19 19 19 19 19 19 19 20 21 22 23 23 23 23 23 30 30 31 31 33 35 35 35 36 37 38 39 40 40 42 43 43 43 46 46 46 46 46 46 51 51 51 51 51 51 51 51 51 51 51 NA NA NA NA NA NA NA NA
1 2 2 4 5 5 7 7 7 7 7 7 7 19 19 19 19 19 19 22 22 22 23 23 23 23 23 30 30 31 31 33 35 35 35 36 37 38 39 40 40 42 43 43 43 43 43 43 43 43 43 51 51 51 51 51 51 51 51 51 51 51 NA NA NA NA NA NA NA NA
NA 2 3 5 5 5 7 7 7 7 7 7 7 19 19 19 19 19 22 22 22 22 23 23 23 23 23 23 31 31 31 33 35 35 35 36 37 38 39 40 40 42 43 43 43 43 43 43 43 43 43 51 54 54 54 54 54 54 54 54 54 54 54 NA NA NA NA NA NA NA
NA 2 3 3 5 5 7 7 7 7 7 7 7 19 19 19 19 22 22 22 22 22 23 23 23 23 23 23 23 31 31 33 35 35 35 36 37 38 39 40 40 42 43 43 43 43 43 43 43 43 43 52 54 54 54 54 54 54 54 54 54 54 54 NA NA NA NA NA NA NA
NA NA 3 5 5 5 7 7 7 7 7 7 7 7 7 19 22 22 22 22 22 22 22 23 23 23 23 23 23 23 31 33 35 35 35 36 38 38 39 40 40 43 43 43 43 43 43 43 43 43 48 52 54 54 54 54 54 54 54 54 54 54 54 NA NA NA NA NA NA NA
NA NA 3 3 5 5 7 7 7 7 7 7 7 7 7 7 22 22 22 22 22 22 22 22 25 26 23 27 27 27 31 33 33 35 35 36 38 38 40 40 41 43 43 43 43 43 43 43 48 48 48 52 52 54 54 54 54 54 54 54 54 54 54 NA NA NA NA NA NA NA
NA 3 3 4 5 5 7 7 7 7 7 7 7 7 7 22 22 22 22 22 22 22 22 24 25 26 26 27 27 27 27 33 33 35 35 36 40 40 40 40 41 43 43 44 44 43 47 47 48 48 48 52 52 54 54 54 54 54 54 54 54 54 NA NA NA NA NA NA NA NA
NA 3 3 4 4 5 5 7 7 7 7 7 7 7 7 7 22 22 22 22 22 22 23 24 25 26 27 27 27 27 27 27 35 35 35 40 40 40 40 40 41 43 43 44 45 46 47 48 48 48 48 52 53 54 54 54 54 54 54 54 54 54 54 NA NA NA NA NA NA NA
NA 4 4 4 4 5 5 7 7 7 7 7 7 7 7 19 19 19 19 22 22 22 23 24 25 26 27 28 28 28 27 27 35 35 35 40 40 40 40 40 41 43 44 44 45 46 47 48 49 50 51 52 53 53 53 53 53 53 53 53 53 53 53 NA NA NA NA NA NA NA
NA 4 4 4 4 4 5 5 5 7 7 7 7 7 19 19 19 19 19 21 21 22 22 24 25 26 27 28 29 29 29 29 29 35 40 40 40 40 40 40 41 41 41 44 45 46 46 48 49 50 51 52 53 53 53 53 53 53 53 53 53 53 53 NA NA NA NA NA NA NA
NA 4 4 4 4 4 5 5 5 7 7 7 7 7 19 19 19 19 19 20 21 22 22 24 25 26 27 28 29 29 29 29 29 29 33 40 40 40 40 40 41 41 41 45 45 46 46 48 49 49 52 52 53 53 53 53 53 53 53 53 56 53 56 NA NA NA NA NA NA NA
NA 4 4 4 4 4 5 5 5 5 7 7 7 18 18 18 19 19 19 20 21 21 21 24 24 26 27 28 29 30 30 32 32 33 33 33 40 40 40 40 41 42 42 45 45 45 46 48 49 49 52 52 53 54 55 56 56 56 56 56 56 56 56 NA NA NA NA NA NA NA
NA 4 4 4 4 4 5 5 5 5 7 7 18 18 18 18 19 19 19 20 21 21 21 21 21 21 21 28 29 30 31 32 32 33 33 33 33 40 40 40 40 42 43 44 44 44 46 48 49 49 52 52 53 53 55 55 56 56 56 56 56 56 56 NA NA NA NA NA NA NA
NA 4 4 4 4 4 5 5 5 5 5 18 18 18 18 18 18 18 19 19 21 21 21 21 21 21 21 21 21 30 31 32 33 33 33 33 33 33 33 40 40 42 43 44 44 44 44 48 49 49 52 52 52 52 55 55 56 56 56 56 56 56 56 NA NA NA NA NA NA NA
NA 4 4 4 4 4 5 5 5 5 5 17 17 18 18 18 18 18 19 19 21 21 21 21 21 21 21 21 21 30 31 32 33 33 33 33 33 33 33 33 33 42 43 44 45 46 46 48 49 49 52 52 52 52 52 55 56 56 56 56 56 56 56 NA NA NA NA NA NA NA
NA 4 4 4 4 4 5 5 5 5 17 17 17 17 17 17 17 18 18 18 21 21 21 21 21 21 21 21 21 33 33 33 33 34 35 36 36 38 33 33 33 33 43 44 45 46 46 48 49 49 52 52 52 52 52 55 56 56 56 56 56 56 56 56 NA NA NA NA NA NA
NA 4 4 4 4 4 5 5 5 5 17 17 17 17 17 17 17 18 18 18 18 21 21 21 21 21 21 21 21 33 33 33 33 34 35 36 37 38 38 38 40 40 43 44 44 46 46 46 49 50 51 52 52 52 52 55 55 56 56 56 56 56 56 56 56 NA NA NA NA NA
NA 4 4 4 4 4 5 5 5 14 14 14 15 15 16 16 17 18 18 18 18 18 21 21 21 21 21 21 21 33 33 33 33 34 35 36 37 38 39 40 40 40 43 44 44 46 46 46 49 49 51 52 53 53 53 53 53 53 53 56 56 56 56 56 NA NA NA NA NA NA
NA 4 4 4 4 4 5 5 5 14 14 14 15 15 15 16 17 18 18 18 18 18 18 21 21 21 21 21 21 33 33 33 33 34 35 36 37 38 39 40 40 40 42 42 42 46 46 46 49 49 51 52 53 53 53 53 53 53 53 53 53 56 56 56 NA NA NA NA NA NA
NA 4 4 4 4 4 4 14 14 14 14 14 14 14 15 17 17 18 18 18 18 18 18 18 18 18 21 21 21 33 32 32 33 34 34 36 38 38 39 40 41 42 42 42 42 46 46 46 46 46 52 52 53 53 53 53 53 53 53 53 53 53 56 56 NA NA NA NA NA NA
NA 4 4 4 4 4 4 14 14 14 14 14 14 14 15 17 17 18 18 18 18 18 18 18 18 18 21 21 21 33 32 32 33 34 34 38 38 38 38 40 41 42 43 44 45 46 46 46 46 46 46 52 53 53 53 53 53 53 53 53 53 53 56 56 NA NA NA NA NA NA
NA 4 4 4 4 4 4 14 14 14 14 14 14 14 15 16 18 18 18 18 18 18 18 18 18 18 21 21 21 32 32 32 33 34 34 34 38 38 38 38 41 42 42 44 45 46 46 46 46 46 46 46 53 53 53 53 53 53 53 53 53 53 56 NA NA NA NA NA NA NA
NA NA 4 4 4 4 13 13 13 13 13 13 13 14 14 16 18 18 18 18 18 18 18 18 18 18 21 21 21 32 32 32 33 34 34 34 38 38 38 38 38 38 42 44 45 46 46 46 46 46 46 46 46 53 53 53 53 53 53 53 53 53 53 NA NA NA NA NA NA NA
NA NA 4 4 4 12 12 12 13 13 13 13 13 14 14 16 16 18 18 18 18 18 18 18 18 18 21 31 31 31 31 32 33 34 34 34 38 38 38 38 38 38 45 45 45 46 47 47 47 47 46 46 46 53 53 53 53 53 53 53 53 53 53 NA NA NA NA NA NA NA
NA NA 4 4 12 12 12 12 12 12 13 13 13 14 14 16 17 17 18 18 18 18 18 18 18 18 30 30 30 31 31 32 33 34 34 34 38 38 38 38 38 44 44 44 45 46 47 47 47 47 46 46 46 46 46 46 46 46 46 53 53 53 53 NA NA NA NA NA NA NA
NA 4 4 4 12 12 12 12 12 12 12 12 13 13 14 16 17 17 17 18 18 18 18 18 18 18 30 30 30 30 31 32 33 34 38 38 38 38 38 38 38 44 44 44 45 46 47 48 47 47 46 46 46 46 46 46 46 46 46 46 46 46 NA NA NA NA NA NA NA NA
NA 4 4 12 12 12 12 12 12 12 12 12 13 13 14 16 17 17 17 17 18 18 18 18 18 18 30 30 30 30 31 32 33 34 38 38 38 38 38 38 38 44 44 44 45 45 47 48 49 49 49 49 46 46 46 46 46 46 46 46 46 46 NA NA NA NA NA NA NA NA
NA 4 12 12 12 12 12 12 12 12 12 12 12 12 14 17 17 17 17 17 17 17 18 18 18 18 29 29 29 30 30 32 33 34 38 38 38 38 38 38 43 43 43 44 45 45 47 48 49 50 51 52 52 52 52 52 52 52 52 52 52 52 NA NA NA NA NA NA NA NA
NA 4 12 12 12 12 12 12 12 12 12 12 12 12 14 17 17 17 17 17 17 17 17 17 18 29 29 29 29 30 30 30 33 34 38 38 38 38 38 38 43 43 43 44 44 45 48 48 49 50 50 52 52 52 52 52 52 52 52 52 52 52 NA NA NA NA NA NA NA NA
NA 4 12 12 12 12 12 12 12 12 12 12 12 12 12 17 17 17 17 17 17 17 17 17 17 29 29 29 29 30 30 30 33 34 38 38 38 38 38 40 42 42 43 43 44 48 48 48 49 50 50 52 52 52 52 52 52 52 52 52 52 NA NA NA NA NA NA NA NA NA
NA NA 12 12 12 12 12 12 12 12 12 12 13 13 13 13 13 17 17 17 17 17 17 17 17 29 29 29 29 30 30 30 33 34 38 38 40 40 40 40 41 42 43 43 44 48 48 48 49 50 50 52 53 53 53 52 52 52 52 52 52 NA NA NA NA NA NA NA NA NA
NA NA 10 10 10 10 10 10 10 10 12 12 13 14 15 15 15 15 15 15 17 17 17 17 17 29 29 29 29 29 29 29 33 34 40 40 40 40 40 40 41 42 43 44 44 48 48 48 49 50 50 52 53 53 53 53 53 53 53 52 52 NA NA NA NA NA NA NA NA NA
NA NA 10 10 10 10 10 10 10 10 11 12 13 14 15 15 15 15 15 15 17 17 17 17 17 17 29 29 29 29 29 29 29 39 39 40 40 40 40 40 41 41 41 41 44 44 48 48 49 49 50 52 53 53 53 53 53 53 53 53 NA NA NA NA NA NA NA NA NA NA
NA 10 10 10 10 10 10 10 10 10 11 12 13 13 15 15 15 15 15 15 17 17 17 17 17 17 29 29 29 29 29 29 29 39 39 39 39 40 40 40 41 41 41 41 44 44 48 48 49 49 50 52 53 53 53 53 53 53 53 53 69 69 69 69 69 69 69 69 69 70
NA 10 10 10 10 10 10 10 10 10 11 12 13 13 15 15 15 15 15 15 15 15 17 17 17 17 29 29 29 29 29 29 39 39 39 39 39 39 39 40 41 41 41 41 44 44 44 48 48 49 52 52 53 53 53 53 53 53 53 69 69 69 69 69 69 69 69 69 69 NA
NA 10 10 10 10 10 10 10 10 10 10 12 12 13 15 15 15 15 15 15 15 15 15 15 17 17 29 29 29 29 29 39 39 39 39 39 39 39 39 40 40 40 40 41 41 44 44 48 48 49 52 52 53 53 53 53 53 53 53 69 69 69 69 69 69 69 69 69 69 NA
NA 10 10 10 10 10 10 10 10 10 10 10 10 10 10 15 15 15 15 15 15 15 15 15 17 17 17 29 29 29 29 39 39 39 39 39 39 39 39 40 41 42 42 42 42 42 42 42 42 42 42 52 53 53 53 53 53 53 53 69 69 69 69 69 69 69 69 69 NA NA
NA 10 10 10 10 9 9 9 9 10 10 10 10 10 10 10 10 15 15 15 15 15 15 15 15 17 17 29 29 29 39 39 39 39 39 39 39 39 39 40 41 42 42 42 42 42 42 42 42 42 42 42 42 53 53 53 53 53 53 69 69 69 69 69 69 69 NA NA NA NA
NA 10 10 10 9 9 9 9 9 10 10 10 10 10 10 10 10 10 10 10 15 15 15 15 15 17 17 29 29 29 39 39 39 39 39 39 39 39 39 40 41 42 42 42 42 42 42 42 42 42 42 42 42 53 53 53 53 53 69 69 69 69 69 69 69 NA NA NA NA NA
NA 8 8 8 8 9 9 9 9 9 9 9 9 9 10 10 10 10 10 10 10 15 15 15 15 29 29 29 29 29 39 39 39 39 39 39 39 39 39 40 41 42 43 44 45 46 46 46 46 46 46 46 42 53 53 53 53 53 69 69 69 69 69 69 NA NA NA NA NA NA
NA 8 8 8 8 8 8 9 9 9 9 9 9 9 9 9 10 10 10 10 10 10 15 25 25 26 27 29 29 29 29 29 39 39 39 39 39 39 39 41 41 42 42 44 44 46 46 46 46 46 46 46 46 46 53 53 53 53 69 69 69 69 NA NA NA NA NA NA NA NA
NA 8 8 8 8 8 8 8 9 9 9 9 9 9 9 9 10 10 10 10 10 10 25 25 25 26 27 27 29 29 29 29 29 29 39 39 39 41 41 41 41 42 42 44 44 46 46 46 46 46 46 46 46 46 46 46 46 NA NA NA NA NA NA NA NA NA NA NA NA NA
NA 8 8 8 8 8 8 8 9 9 9 9 9 9 9 9 9 10 10 10 10 22 23 25 25 26 27 27 29 29 29 29 29 29 29 41 41 41 41 41 41 42 42 42 44 46 46 46 46 46 46 46 46 46 46 46 NA NA NA NA NA NA NA NA NA NA NA NA NA NA
NA 8 8 8 8 8 8 8 9 9 9 9 9 9 9 9 9 9 19 22 22 22 23 25 25 26 27 27 29 29 29 29 29 29 29 41 41 41 41 41 41 41 41 41 41 46 46 46 46 46 46 46 46 46 46 46 46 NA NA NA NA NA NA NA NA NA NA NA NA NA
NA 8 8 8 8 8 8 8 9 10 10 10 10 10 11 11 11 11 19 22 22 22 23 24 25 26 27 28 29 29 29 29 29 29 29 41 41 41 41 41 41 41 41 41 41 41 46 46 46 46 46 46 46 46 46 46 46 NA NA NA NA NA NA NA NA NA NA NA NA NA
NA 8 8 8 8 8 8 8 9 10 10 10 11 11 11 11 11 11 19 20 22 22 23 24 25 26 27 28 29 29 29 29 29 29 29 29 41 41 41 41 41 41 41 41 41 41 46 46 46 46 46 46 46 46 46 46 46 68 68 68 68 68 68 68 68 NA NA NA NA NA
NA 8 8 8 8 8 8 10 10 10 11 11 11 11 11 11 11 18 19 20 21 22 23 24 25 26 27 28 29 29 29 29 29 29 29 29 41 41 41 41 41 41 41 41 41 41 46 46 46 46 46 46 46 46 53 53 46 67 67 67 67 67 68 68 68 68 NA NA NA NA
NA NA 8 9 9 9 9 10 10 10 11 12 12 12 12 12 12 18 19 20 21 22 22 22 25 26 27 28 29 29 29 29 29 29 29 29 41 41 41 41 41 41 41 41 41 41 46 46 46 46 46 46 53 53 53 53 67 67 67 67 67 67 68 68 68 68 68 68 NA NA
NA NA 8 9 9 9 9 9 9 10 11 12 13 14 14 14 17 18 19 20 20 20 20 20 25 26 27 28 29 29 29 29 29 29 29 29 29 41 41 41 41 41 41 41 41 41 46 46 46 46 46 53 53 53 53 53 53 67 67 67 67 67 68 68 68 68 68 68 NA NA
NA NA 9 9 9 9 9 9 9 10 11 12 13 14 14 14 17 18 19 20 20 20 20 20 20 27 27 28 29 29 29 29 29 29 29 29 29 29 41 41 41 41 41 41 41 41 46 46 46 46 46 53 53 53 53 53 53 67 67 67 67 67 67 67 67 68 68 68 NA NA
NA 9 9 9 9 9 9 9 9 10 11 12 13 14 15 16 17 18 19 19 19 20 20 20 20 27 27 28 29 29 29 29 29 29 29 29 29 29 41 41 41 41 41 41 41 41 46 46 46 46 53 53 53 53 53 53 53 53 67 67 67 67 67 67 67 67 67 68 69 70
NA NA 9 9 9 9 9 9 9 9 11 13 13 14 15 15 17 18 18 20 20 20 20 22 22 27 22 28 29 29 29 29 29 29 29 29 29 35 35 35 35 41 41 41 41 41 46 46 46 53 53 53 53 53 53 53 53 53 67 67 67 67 67 67 67 67 67 NA NA NA
NA NA NA 9 9 9 9 9 9 9 11 13 13 14 15 15 17 18 19 20 20 21 22 22 22 22 22 22 22 29 29 29 29 29 35 35 35 35 35 35 35 35 35 35 35 35 35 35 53 53 53 53 53 53 53 53 53 53 67 67 67 67 67 67 67 67 NA NA NA NA
NA NA NA 9 9 9 9 9 9 9 9 14 14 14 15 18 18 18 19 20 21 21 22 22 22 22 22 22 22 22 30 31 33 35 35 35 35 35 35 35 35 35 35 35 35 35 44 44 53 53 53 53 53 53 53 53 53 53 65 65 67 67 67 67 67 67 NA NA NA NA
NA NA NA 9 9 9 9 9 9 9 9 14 14 14 14 18 18 18 19 20 21 22 22 22 22 22 22 26 26 30 30 31 33 34 35 35 35 35 35 35 35 35 35 35 35 35 44 44 53 53 53 53 53 53 53 53 53 53 65 65 65 67 67 67 67 67 NA NA NA NA
NA NA NA NA 9 9 9 9 9 9 9 14 14 14 14 19 19 19 19 20 21 22 22 22 24 26 26 26 26 30 31 31 33 34 35 35 35 35 35 35 35 35 35 44 44 44 44 44 53 53 53 53 53 53 53 53 53 65 65 65 65 65 65 NA NA NA NA NA NA NA
NA NA NA NA 9 9 9 9 9 9 9 14 14 14 14 19 19 19 19 20 22 22 23 24 24 26 26 26 29 30 31 31 33 34 35 35 35 35 35 35 35 35 44 44 44 44 44 44 53 53 53 53 53 53 53 53 54 65 65 65 65 65 65 65 NA NA NA NA NA NA
NA NA NA NA NA 9 9 9 9 9 9 9 9 14 14 19 19 19 19 20 22 22 23 24 25 26 26 26 29 30 31 32 33 34 35 35 35 35 35 35 35 44 44 44 44 44 44 44 53 53 53 53 53 54 54 54 54 65 65 65 65 65 65 65 NA NA NA NA NA NA
NA NA NA NA NA NA NA NA NA NA 9 NA NA 14 15 15 19 19 19 22 22 22 23 24 25 26 27 27 29 30 31 32 33 33 33 33 33 33 33 33 44 44 44 44 44 44 44 44 44 53 53 53 53 54 54 54 54 54 65 65 65 65 65 65 NA NA NA NA NA NA
NA NA NA NA NA NA NA NA NA NA NA NA NA 14 15 15 15 15 15 15 22 22 25 25 25 26 27 28 29 30 30 32 32 33 33 33 33 33 33 40 40 42 44 44 44 44 44 44 44 44 53 53 53 54 54 54 54 54 65 65 65 65 65 65 65 NA NA NA NA NA
NA NA NA NA NA NA NA NA NA NA NA NA NA 14 15 15 15 15 15 25 25 25 25 25 25 26 27 28 29 30 30 30 30 33 33 33 33 33 33 40 40 42 44 44 44 44 44 44 44 44 NA 53 53 54 54 54 54 54 65 65 65 65 65 65 65 66 NA NA NA NA
NA NA NA NA NA NA NA NA NA NA NA NA NA 14 15 15 15 15 15 15 25 25 25 25 25 26 27 28 29 30 30 30 30 30 30 33 37 38 39 40 40 42 44 44 44 44 44 44 NA NA NA 53 53 54 54 54 54 54 65 65 65 65 65 65 65 66 NA NA NA NA
NA NA NA NA NA NA NA NA NA NA NA NA NA 14 15 15 15 15 15 15 15 25 25 25 25 29 29 29 29 30 31 31 31 31 35 36 37 38 39 40 40 42 43 44 44 44 44 NA NA NA NA 53 53 54 54 54 54 54 65 65 65 65 65 65 65 66 NA NA NA NA
NA NA NA NA NA NA NA NA NA NA NA NA NA 14 15 15 15 15 15 15 15 15 15 25 25 29 29 29 30 30 31 31 31 31 35 36 37 38 39 40 40 42 43 44 44 44 NA NA NA NA NA 53 53 54 54 54 54 NA NA NA 65 65 65 65 65 66 67 NA NA NA
NA NA NA NA NA NA NA NA NA NA NA NA NA 14 15 15 15 15 15 15 15 15 15 15 29 29 29 29 30 30 31 32 32 34 35 36 37 38 39 40 40 42 43 43 44 NA NA NA NA NA NA NA 54 54 54 54 54 NA NA NA 65 65 65 65 65 66 67 NA NA NA
NA NA NA NA NA NA NA NA NA NA NA NA NA 14 15 15 15 15 15 15 15 NA NA NA NA 29 29 31 31 31 31 32 33 34 35 36 37 38 39 40 41 42 42 42 NA NA NA NA NA NA NA NA NA 54 NA NA NA NA NA NA NA 65 65 65 65 66 67 NA NA NA
NA NA NA NA NA NA NA NA NA NA NA NA NA 14 15 15 15 15 15 15 NA NA NA NA NA NA 31 31 31 31 31 32 33 34 35 36 36 38 38 40 NA NA NA NA NA NA NA NA NA NA NA NA NA 54 NA NA NA NA NA NA NA NA 66 66 66 66 67 NA NA NA
NA NA NA NA NA NA NA NA NA NA NA NA NA 14 15 15 15 15 15 15 NA NA NA NA NA NA NA 31 31 31 31 32 33 34 34 36 36 38 NA NA NA NA NA NA NA NA NA NA NA NA NA NA NA 54 NA NA NA NA NA NA NA NA 66 66 66 66 67 NA NA NA
NA NA NA NA NA NA NA NA NA NA NA NA NA 14 15 15 15 15 NA NA NA NA NA NA NA NA NA 31 31 31 NA NA NA NA NA NA NA NA NA NA NA NA NA NA NA NA NA NA NA NA NA NA NA 54 NA NA NA NA NA NA NA NA 66 66 66 66 67 NA NA NA
NA NA NA NA NA NA NA NA NA NA NA NA NA 14 NA NA NA NA NA NA NA NA NA NA NA NA NA NA NA NA NA NA NA NA NA NA NA NA NA NA NA NA NA NA NA NA NA NA NA NA NA NA NA 54 NA NA NA NA NA NA NA NA NA NA NA NA 67 NA NA NA
