1	3	3	5	1	3	1	6	8	19	1	1	1	18	8	5	2	1	12	3948	2	1	1	1	1	1	1	1	1	2	2	3	4	1	14	4	41	3	6	4	1	5	105	1	1	5	1	4	4	4	4	12	3	1	28	2	2	101	1	1	1	1	1	1	3	2	1	1	1	1
1	2	2	4	1	2	2	5	7	18	15	12	6	17	7	4	1	1	11	3947	1	1	4	3	2	1	3	2	1	1	1	2	3	2	13	3	40	2	5	3	2	4	104	2	1	4	1	3	3	3	3	11	2	17	27	1	1	100	67	59	57	3	2	1	2	1	1	2	3	4
1	1	1	2	1	1	1	2	6	2	2	11	5	10	6	3	1	6	9	3946	3943	3940	31	26	25	24	8	4	3	2	1	1	2	1	10	2	39	1	4	2	1	1	101	2	1	2	1	2	2	2	2	10	1	16	9	4	20	32	7	1	53	23	2	1	1	1	2	3	4	5
1	12	11	10	9	6	5	1	5	1	1	10	4	9	5	2	1	4	2	2	2	3907	5	4	1	15	6	5	4	3	2	1	1	2	9	1	38	1	3	1	1	6	98	89	3	2	1	1	1	1	1	9	7	15	8	3	15	11	6	18	29	20	14	8	1	1	2	3	4	5
57	56	43	1	2	1	4	1	4	2	6	9	3	8	4	1	1	2	1	1	1	3901	1	2	1	8	7	6	5	4	3	2	1	1	6	5	36	1	2	1	2	4	2	85	7	6	5	4	3	1	4	8	6	7	7	2	14	10	5	17	10	5	5	6	1	1	2	3	11	12
2	1	41	39	2	1	2	1	3	1	3	2	2	7	3	1	1	2	1	2	2828	3899	3	2	1	1	1	8	7	6	5	4	1	2	5	4	29	25	2	1	1	1	1	77	4	3	2	1	2	1	2	3	5	6	6	1	13	9	4	16	9	4	4	4	1	2	5	6	7	1
6	5	1	36	33	30	2	1	2	1	2	1	1	6	1	1	2	5	1	2	2825	1067	1061	1	1	16	14	12	3	2	1	2	1	1	2	3	3	22	18	14	1	3	5	72	55	48	4	3	2	1	1	2	4	5	5	2	12	8	3	15	8	3	3	3	1	1	2	1	2	3
1	4	1	2	2	27	4	3	2	1	1	2	4	5	1	2	3	34	2817	2819	2822	5	1059	1054	1051	1048	14	13	12	5	4	3	2	1	1	2	2	3	3	12	1	2	1	11	6	43	25	4	3	2	1	1	3	4	4	1	9	7	2	14	7	2	2	1	1	2	3	4	5	6
1	2	1	1	1	22	20	18	16	6	1	1	1	1	2	3	4	25	2782	1	2	4	4	2	1	1017	2	1	6	5	4	3	2	1	1	1	1	2	2	10	7	1	6	10	5	17	20	18	16	14	9	8	2	3	3	2	8	6	1	13	6	1	1	1	1	1	1	2	3	4
262	261	254	2	1	1	1	1	9	4	1	2	3	4	5	6	18	20	2781	5	1	3	3	1	1	1014	1007	978	4	3	2	1	1	1	4	2	1	1	1	2	6	3	5	3	4	16	1	1	1	4	2	7	1	2	2	1	5	5	2	12	5	1	2	4	6	8	1	1	1	2
1	6	251	5	4	3	2	1	8	2	1	1	1	5	6	7	11	1	2775	4	1	2	2	3	4	5	28	973	2	1	1	10	9	7	5	1	1	2	1	1	2	2	4	2	3	15	12	2	1	1	1	6	4	1	1	2	4	4	1	9	4	2	3	4	5	14	16	18	19	20
1	5	245	5	4	3	2	1	7	4	3	1	2	3	1	2	3	1	2774	2	1	1	1	2	2	3	27	970	2	1	2	11	1	1	3	2	2	3	1	1	1	1	3	1	2	2	9	7	3	2	1	1	3	2	1	1	1	3	4	8	3	1	1	2	3	4	5	6	7	8
1	4	239	5	4	3	2	1	2	1	2	1	2	3	4	5	6	7	2772	13	12	2	1	1	1	1	23	967	963	961	19	16	4	2	4	1	3	10	6	4	2	1	2	1	1	1	1	3	2	1	3	2	1	1	1	1	1	2	3	3	2	1	4	5	6	7	18	20	21	22
1	3	233	221	8	7	6	5	4	3	2	1	1	1	2	3	4	11	2751	1	9	4	3	1	2	16	21	3	1	941	918	1	1	39	38	33	31	27	16	15	14	13	12	11	10	9	8	7	6	5	4	1	1	7	5	3	1	1	2	2	1	1	2	1	7	9	10	1	1	2
1	2	11	212	18	17	7	6	5	4	3	2	1	2	3	4	5	6	2738	1	4	1	2	1	2	13	4	2	19	22	916	894	891	40	1	1	4	3	2	1	27	26	25	24	16	15	14	13	12	11	9	7	2	8	1	1	1	1	1	1	1	2	3	4	5	1	1	2	55	56
1	1	10	193	1	9	8	7	6	5	1	1	1	2	3	12	13	16	2736	1	2	1	1	3	5	10	3	1	18	2	21	2	849	831	9	7	5	1	1	1	30	2	1	7	6	4	3	2	1	1	1	3	1	13	4	2	2	2	2	1	1	2	3	4	5	6	7	8	52	1
1	6	9	191	181	4	3	2	1	3	2	1	1	2	7	8	1	2	2718	2669	3	2	1	2	1	4	2	2	17	1	20	1	17	821	819	1	5	4	2	36	34	3	2	1	1	1	1	1	1	1	1	1	1	14	1	1	6	3	3	2	1	1	2	3	4	32	34	36	43	1
1	5	2	9	176	10	9	8	7	2	1	1	2	3	4	1	2	9	48	2665	2	1	1	1	1	3	1	1	14	6	19	13	16	1	817	783	47	41	40	39	2	1	1	1	1	2	6	4	2	2	2	1	28	26	11	9	7	1	7	3	2	3	12	14	16	27	1	1	6	1
1	4	1	8	165	102	101	1	4	3	2	1	1	2	3	4	5	6	38	2662	2658	1	4	2	1	1	2	4	13	5	12	12	2	2	33	735	725	718	4	3	2	1	6	4	2	3	107	100	99	98	95	46	44	15	14	13	12	11	9	1	1	3	8	1	1	10	2	4	5	1
1	3	3	7	62	51	99	5	4	3	2	1	1	2	3	4	28	33	37	3	2656	2653	2650	3	2	1	1	1	8	4	11	11	1	1	30	9	6	713	703	696	2	1	7	1	1	117	113	5	4	1	46	44	39	35	32	23	22	19	3	2	1	1	4	2	6	9	1	1	1	2
1	2	2	3	10	50	93	5	4	3	2	1	1	4	12	13	23	4	3	2	2	2	2642	3	2	1	1	4	7	3	10	10	6	8	29	8	5	9	6	693	543	542	537	130	128	126	2	1	2	1	1	4	3	2	8	1	2	15	10	8	6	1	3	1	3	2	1	2	18	19
1	1	1	2	9	49	87	42	4	3	2	1	1	2	7	5	9	3	2	1	1	1	2638	5	4	3	2	2	2	2	9	9	5	1	20	7	4	8	5	149	5	4	399	39	1	6	5	4	3	2	1	3	2	1	6	1	1	4	1	1	4	1	2	1	2	1	1	2	15	1
107	106	1	1	8	48	44	37	11	9	6	5	1	3	6	4	3	2	1	3	4	2607	2632	22	2	1	1	1	1	1	8	8	4	2	19	6	3	7	4	143	4	3	359	37	7	6	5	4	3	2	1	2	1	1	4	2	1	3	2	1	2	1	1	1	6	8	10	11	12	1
1	104	102	1	7	47	43	25	1	2	1	3	2	2	2	3	2	1	1	2	1	2602	2	19	16	13	2	1	1	3	7	7	3	1	16	5	2	6	3	142	3	2	358	29	5	4	3	2	1	2	1	1	1	2	3	25	24	23	21	10	7	6	1	2	4	1	1	1	2	3
1	1	101	1	5	46	42	24	22	11	10	1	1	1	1	2	1	1	2	3	20	2600	1	2	2	10	3	2	1	1	3	6	2	11	15	4	1	5	2	141	2	1	357	23	20	3	2	1	5	4	1	1	1	2	33	27	1	1	10	2	1	4	1	1	1	1	2	3	4	5
3	2	99	1	4	45	41	1	10	1	8	7	6	5	4	1	1	2	3	4	16	2579	1	1	1	6	5	3	2	1	2	5	1	10	3	3	2	4	1	140	1	5	356	2	16	14	11	8	7	1	1	2	1	2	39	5	4	1	9	2	1	2	1	1	2	3	4	32	34	35
1	1	98	1	2	44	40	1	8	7	6	5	4	1	3	1	1	5	7	8	11	2577	2	1	1	1	1	3	2	1	1	4	1	9	2	2	1	1	1	139	102	4	350	1	1	2	2	1	4	3	2	3	1	3	41	1	2	1	6	4	3	2	1	1	2	3	25	27	1	1
1	2	96	92	1	43	38	37	33	31	2	1	2	1	1	1	2	3	1	1	2	2574	1	1	2	3	1	7	3	2	1	2	1	8	1	1	1	2	3	35	101	3	349	347	1	1	2	1	6	1	1	6	2	48	44	2	1	1	1	3	2	1	1	2	3	4	21	1	3	4
1	1	1	91	34	42	40	3	1	28	9	8	7	6	2	1	1	2	3	4	5	2572	985	983	976	970	962	14	6	5	4	1	2	7	2	1	2	3	17	31	100	2	1	345	341	333	325	321	10	3	2	7	63	62	13	12	11	10	8	7	3	2	1	4	6	8	16	1	2	1
1	1	2	56	33	1	39	2	1	18	15	9	1	3	1	1	2	1	2	1	2	1581	1	5	3	4	947	943	2	1	2	1	1	2	1	1	2	3	13	13	99	1	1	3	7	7	1	310	206	204	202	200	79	15	14	13	12	11	10	9	3	2	1	3	1	1	7	2	3	4
1	1	22	53	32	9	38	15	14	2	5	7	1	1	1	2	5	1	4	1	1574	1578	1	4	2	3	3	940	936	4	3	2	1	1	1	2	5	7	9	12	98	4	2	1	6	6	4	103	1	1	1	113	88	11	10	9	3	2	1	5	4	3	1	2	2	4	6	1	1	2
1	2	20	30	22	8	22	16	13	1	4	5	3	1	1	2	8	9	1497	1500	1572	2	1	3	1	2	2	3	931	5	4	3	2	1	1	1	2	1	1	11	93	1	1	2	5	1	3	102	100	1	1	24	76	2	1	5	4	3	2	1	1	1	1	1	1	1	1	1	2	3
1	1	17	29	21	7	5	15	12	1	3	1	1	1	1	2	1	2	1483	2	71	2	1	2	1	1	1	2	925	923	1	1	1	1	3	1	1	3	5	10	92	91	1	1	2	1	2	1	98	1	5	22	73	70	69	60	59	3	2	1	3	1	2	1	2	1	2	1	2	1
1	2	16	28	20	6	4	14	10	1	2	1	1	3	4	7	1	2	1480	1	68	30	29	3	2	1	1	1	1	921	918	915	2	2	4	1	1	1	1	4	1	89	86	80	4	3	1	90	96	3	4	16	2	1	8	6	55	51	46	13	12	4	3	1	4	13	19	20	25	26
1	1	13	27	19	5	3	13	8	5	1	1	2	3	4	12	13	1473	1477	1	37	34	25	23	21	18	17	4	3	2	2	911	909	26	7	2	3	1	1	2	1	2	5	75	1	2	1	89	2	2	3	15	2	1	1	5	3	4	32	1	4	3	2	2	5	8	3	1	2	1
1	7	12	26	18	4	2	12	2	3	1	1	2	1	2	3	4	1459	2	1	2	33	1	1	2	1	11	1	2	1	1	1	882	16	15	14	13	9	8	2	1	1	4	73	67	65	59	88	1	1	2	12	8	6	1	4	2	3	30	3	2	1	1	1	2	2	2	2	4	5
1	6	4	25	17	3	1	11	1	1	1	2	5	1	2	1	1447	1454	2	1	1	32	30	27	20	19	9	1	1	2	4	14	881	864	715	711	1	1	4	3	2	1	3	5	1	5	58	87	86	1	1	3	1	4	1	3	1	2	26	24	19	18	2	1	1	1	1	1	1	1
1	5	3	24	16	2	3	10	5	1	1	2	8	9	12	13	1445	4	3	2	1	1	2	6	1	18	7	6	1	1	1	9	2	148	3	709	705	702	2	1	2	1	2	4	2	4	57	3	84	79	78	2	1	2	1	2	1	1	1	4	1	15	5	4	1	1	2	3	4	5
1	4	2	23	15	1	2	1	3	1	2	3	1	2	1	1341	1431	84	4	3	2	1	1	4	1	17	15	4	2	4	6	8	1	147	2	3	2	698	636	633	4	1	1	1	1	3	53	2	4	1	77	75	70	19	18	17	16	2	1	2	1	9	1	2	2	4	5	6	14	15
1	3	1	22	14	1	1	1	2	1	1	5	1	4	1338	1339	5	79	19	18	17	2	1	2	1	1	14	1	1	3	1	1	122	146	1	2	1	61	2	628	2	1	3	2	1	2	52	1	2	1	1	4	50	14	2	1	13	12	11	8	7	7	6	1	1	1	1	6	7	1
1	2	2	21	12	7	1	1	2	4	5	11	12	1331	1333	1	4	59	48	1	14	13	12	7	6	1	13	10	4	2	1	108	121	23	1	1	1	60	1	625	623	620	6	2	1	1	51	50	2	1	1	3	35	11	10	3	2	1	2	1	6	1	5	1	1	2	3	4	14	15
1	1	1	18	4	5	1	1	2	1	2	1	2	1318	1	1	2	10	46	45	2	1	4	1	4	1	2	5	3	1	1	106	12	21	1	1	2	58	1	1	2	613	609	608	605	602	1	47	46	2	1	1	34	32	6	5	4	3	2	1	4	2	3	1	1	9	11	12	13	1
1	1	2	17	3	3	1	1	4	5	8	9	10	1315	81	80	2	9	4	42	33	1	2	1	2	1	1	4	2	1	2	104	11	19	8	1	1	54	21	1	1	3	2	2	2	600	3	2	43	41	2	1	1	31	26	25	4	3	2	1	1	1	1	1	6	7	1	1	22	23
2	1	1	14	2	1	1	2	3	4	5	6	1213	1223	1	79	1	2	3	8	31	30	7	6	3	2	2	3	1	1	2	101	10	10	6	3	1	31	19	6	5	1	1	1	1	596	1	1	1	38	37	2	1	4	1	20	17	16	9	8	7	6	1	1	4	1	2	4	20	1
3	2	2	12	1	1	1	2	1	2	3	4	1206	8	6	78	1	1	2	7	2	22	1	2	1	1	1	1	2	3	93	98	9	9	2	2	1	29	12	1	3	1	1	2	413	594	178	3	2	1	34	31	1	2	1	2	1	6	5	4	1	4	1	1	2	1	2	1	15	1
1	1	1	9	1	3	1	4	5	6	1	2	1201	1	5	76	73	1	1	4	1	20	17	3	2	1	2	3	4	1	89	4	8	8	1	1	1	27	10	1	1	1	2	403	410	2	174	5	4	1	2	29	27	22	21	14	13	2	1	2	1	2	1	1	2	3	11	13	14	1
1	5	7	8	1	5	1	2	3	10	11	1194	1198	2	4	2	71	8	7	3	2	2	13	3	2	1	1	1	9	85	87	3	7	7	6	8	17	25	8	5	1	1	2	400	6	1	168	165	2	1	1	1	4	1	6	1	10	9	8	5	4	1	1	2	3	4	5	1	1	1
1	4	1	1	2	8	9	1	1	2	3	1182	1	1	3	1	62	1	6	1	1	1	9	7	5	1	1	2	3	75	1	2	6	6	5	1	8	7	2	3	1	1	2	397	5	3	2	164	143	3	2	1	2	1	4	3	2	1	2	1	2	1	1	2	3	4	5	6	8	1
1	3	1	2	3	4	14	16	17	18	41	1178	4	2	2	3	60	54	4	3	2	1	1	1	3	1	1	2	63	74	7	1	5	5	4	4	7	6	1	1	1	2	378	394	1	2	1	20	139	128	117	116	35	34	8	7	6	5	4	3	2	1	1	2	1	2	1	2	9	1
1	2	1	2	6	7	15	16	17	21	22	1132	1	1	1	2	2	53	50	47	8	7	2	1	1	1	2	57	60	3	6	3	4	4	3	3	2	5	3	1	1	2	375	15	14	1	16	19	10	10	1	80	1	25	22	21	6	5	4	3	2	1	1	4	5	8	9	12	22	23
1	1	1	2	3	1	7	1	2	3	1	1131	3	2	1	1	1	2	2	38	1	4	3	2	1	1	2	54	2	2	2	2	3	3	2	2	1	1	1	1	1	367	372	2	13	3	15	2	9	8	5	78	1	2	1	14	11	10	7	6	1	1	2	3	4	5	10	11	12	13
2	1	1	2	3	4	5	1	2	3	4	1126	77	4	3	2	1	1	1	36	35	31	3	2	1	1	5	51	1	1	1	1	2	2	1	1	1	8	10	347	363	365	2	1	12	2	11	1	8	2	4	76	67	2	1	2	1	2	1	4	1	1	2	1	2	3	4	1	2	3
2	1	1	2	3	4	5	6	7	8	1	1044	72	65	63	7	6	5	4	1	3	27	3	2	1	1	3	45	43	3	2	1	1	1	1	2	5	6	1	335	15	1	1	1	11	1	10	1	7	1	3	8	64	6	5	4	3	2	1	2	1	1	4	5	6	1	2	3	4	5
2	1	1	1	2	3	4	5	6	1034	1037	1042	6	1	55	51	46	1	2	1	2	23	21	16	15	12	1	1	39	31	2	1	1	1	2	1	2	1	2	334	14	11	6	5	9	6	8	1	6	4	2	7	57	52	28	5	4	3	2	1	1	2	3	4	11	12	13	14	15	16
1	1	3	1	2	3	4	5	40	1019	2	4	5	1	3	4	44	41	2	1	1	1	4	1	2	11	3	5	7	28	8	3	2	1	4	5	6	1	2	331	2	4	2	4	2	5	6	5	1	3	1	6	4	23	22	20	16	3	2	1	1	2	3	4	5	6	7	8	62	63
1	1	5	6	7	8	9	10	34	978	1	3	3	2	2	3	2	38	4	3	2	1	2	1	1	10	2	1	1	19	4	1	1	2	3	4	7	8	66	328	1	1	1	3	1	4	1	4	1	2	2	5	3	22	1	3	12	2	1	1	2	3	4	5	6	7	8	51	53	1
1	1	2	3	4	17	19	21	23	977	1	2	1	1	1	2	1	33	29	26	23	3	2	1	1	9	1	1	2	18	2	8	10	11	12	17	1	42	57	261	3	2	1	2	1	2	1	2	1	1	1	2	2	21	1	2	9	6	1	1	2	3	4	5	6	38	40	42	1	1
1	1	2	9	11	12	1	1	1	975	43	40	39	2	1	1	1	3	2	2	19	16	2	1	1	7	1	1	11	15	1	7	1	1	2	36	38	40	14	257	253	250	32	19	18	17	16	14	12	2	1	1	1	19	1	1	2	4	2	1	2	3	8	10	29	31	1	1	1	2
1	1	2	6	1	1	2	3	927	931	2	1	36	4	3	2	1	1	1	1	2	13	10	6	2	4	2	6	9	3	1	6	1	8	13	16	1	1	13	3	2	217	12	3	2	1	1	1	9	8	7	4	3	17	14	1	1	1	1	1	2	3	4	1	18	1	1	2	7	8
1	1	2	3	1	2	3	4	923	3	2	1	31	30	29	5	4	3	2	1	1	2	3	3	1	1	1	5	2	2	2	4	1	6	4	2	2	4	12	2	1	216	8	7	6	5	4	3	2	1	2	1	2	2	12	7	6	3	1	2	3	4	14	16	17	1	2	3	4	1
1	1	2	1	2	1	2	3	918	27	4	3	2	1	23	22	21	4	3	2	1	1	2	2	1	1	2	4	1	1	1	1	1	4	3	1	1	1	7	1	94	215	113	112	106	105	6	5	4	3	2	1	1	1	4	1	2	2	1	2	6	8	9	1	1	2	3	4	5	6
1	1	4	5	8	9	10	1	887	22	17	16	4	3	2	1	16	14	10	3	2	1	1	1	1	1	1	1	1	1	2	3	1	2	2	2	4	5	6	38	93	7	1	5	3	98	34	33	28	27	26	25	20	19	2	1	1	1	1	2	3	1	1	2	1	2	3	4	1	2
1	1	2	3	21	22	35	883	885	4	1	11	6	5	4	3	1	3	6	5	2	1	1	3	5	2	2	1	2	1	1	5	1	1	1	1	1	1	21	37	54	5	1	1	2	63	1	4	3	2	1	4	1	18	3	2	1	1	2	3	4	5	6	9	10	11	12	17	18	19
1	1	2	15	17	1	2	847	1	2	1	4	3	2	1	2	1	2	1	2	1	1	1	1	7	3	5	2	3	2	1	7	2	2	1	1	2	16	19	15	53	3	2	1	1	61	5	4	3	2	1	2	1	14	2	1	1	2	3	4	5	6	17	18	19	20	21	22	23	24
1	1	2	12	1	1	2	846	830	9	8	7	6	5	4	3	2	1	1	1	1	2	2	1	9	4	7	1	4	3	4	8	3	3	2	1	7	13	2	14	52	47	11	8	7	55	54	22	21	4	3	2	1	11	10	2	1	1	2	3	8	9	10	1	6	8	9	10	11	12
1	1	8	9	1	2	11	13	820	818	4	3	2	1	1	1	2	1	2	2	4	3	3	1	10	5	8	1	5	1	5	20	11	7	3	1	5	5	1	13	4	35	2	1	6	1	31	1	16	8	7	6	5	3	7	5	3	1	2	3	4	1	2	3	4	1	1	2	3	4
1	1	6	2	3	6	8	1	1	813	2	1	1	1	8	6	4	1	3	1	5	9	4	2	11	6	9	2	63	57	55	49	27	4	3	2	3	4	6	12	3	34	2	1	4	3	29	1	7	6	5	1	1	2	1	1	2	1	2	3	4	5	6	1	1	1	2	3	4	5
1	1	4	1	1	2	1	2	3	810	722	16	15	13	11	2	1	1	4	2	1	164	154	149	146	132	123	106	98	29	1	1	22	2	1	1	2	3	5	5	2	31	25	2	1	2	27	12	2	1	3	2	1	1	1	1	1	1	1	2	1	2	7	9	2	1	1	2	3	4
2	1	2	1	2	3	4	1	1	84	705	699	5	4	3	2	1	2	5	172	169	167	2	1	2	2	7	5	5	27	21	1	19	15	13	1	1	2	4	4	1	5	22	5	1	1	14	9	6	5	2	1	1	1	4	2	1	3	4	7	8	3	1	11	3	2	1	1	1	2
2	1	1	1	2	3	8	9	79	82	5	693	690	683	2	1	1	3	6	185	12	11	2	1	1	1	6	4	4	5	19	1	3	1	11	6	5	1	3	3	2	4	16	3	2	1	13	2	1	2	1	1	2	2	6	1	1	1	2	3	12	16	1	13	17	20	2	2	1	2
2	1	1	5	6	7	8	9	69	2	4	2	6	680	2	1	2	4	194	187	1	8	5	4	1	3	5	3	3	4	17	13	2	1	4	2	4	1	2	2	1	1	15	7	6	1	12	8	6	2	1	2	5	8	8	1	2	1	2	3	4	21	22	1	2	21	24	27	1	2
1	1	2	3	1	2	3	4	59	1	3	1	5	677	657	651	650	202	197	2	1	2	1	2	1	2	1	2	2	3	3	12	9	1	1	1	2	1	1	1	1	3	7	2	4	1	3	1	3	1	1	1	1	9	9	1	4	1	1	2	3	4	27	28	31	59	61	89	90	91
2	1	1	2	3	4	5	45	54	1	2	1	4	19	5	2	445	443	1	4	3	2	1	2	1	1	1	1	1	2	2	2	7	5	3	2	1	1	1	1	1	1	1	1	2	1	2	1	1	1	2	4	2	20	10	2	5	1	1	2	3	4	15	19	21	27	1	1	2	3
1	1	1	1	2	3	4	39	7	5	1	1	2	18	2	1	1	441	434	416	1	1	1	4	1	1	2	1	1	1	1	1	1	1	1	1	3	2	2	2	15	13	12	11	4	3	2	1	1	3	4	9	3	21	1	3	8	2	1	2	3	7	10	3	1	5	1	2	3	4
3	2	2	1	2	3	4	34	1	4	1	1	7	17	1	1	4	6	17	410	405	2	2	5	1	2	8	5	3	1	1	1	1	1	5	2	4	1	3	21	18	2	1	6	2	1	1	1	1	1	2	12	16	24	2	14	10	1	1	2	1	3	2	2	2	4	1	2	3	4
5	4	3	1	2	3	14	29	1	2	1	1	5	9	1	1	2	1	16	4	402	400	25	20	14	12	9	1	1	3	2	2	2	1	6	1	5	2	29	25	3	2	1	3	2	1	2	2	2	1	1	1	18	43	18	17	2	1	1	3	4	1	1	1	1	1	1	2	3	4
1	1	1	1	1	2	10	13	12	2	1	2	3	7	1	2	7	11	15	3	1	374	2	1	1	1	1	4	2	4	1	3	3	2	7	2	50	44	41	7	6	2	1	1	1	1	3	3	3	2	4	1	19	48	4	3	1	1	3	1	5	1	1	1	2	3	4	5	6	7
1	4	6	8	1	3	7	1	9	7	5	1	1	5	2	1	4	3	3	2	1	373	364	361	2	2	2	5	1	5	6	4	4	3	65	57	54	1	4	1	3	1	1	2	2	2	4	4	4	1	5	2	70	50	1	1	1	1	5	2	8	2	3	1	1	2	3	4	5	6
1	2	2	11	12	1	2	1	1	1	4	2	1	1	1	1	3	2	2	1	1	7	2	358	356	334	9	6	2	6	7	1	76	71	67	1	2	1	2	1	1	1	2	3	3	3	5	5	5	7	6	3	71	2	1	1	2	1	7	8	20	3	4	1	1	2	3	1	2	1
1	1	1	1	14	1	1	1	2	1	1	1	1	1	1	1	1	1	1	1	3	5	1	1	21	322	318	1	119	116	109	101	97	20	15	14	4	3	2	1	1	3	6	14	4	4	6	6	1	8	15	4	72	3	1	6	4	1	1	2	23	1	7	2	1	2	6	7	17	18
1	1	1	1	16	2	4	2	3	1	1	2	2	2	2	2	1	3	2	1	1	1	10	15	20	3	316	313	120	2	1	2	1	4	2	9	3	2	1	1	1	1	1	15	1	5	7	11	4	2	16	21	94	14	10	8	1	1	1	2	26	28	8	1	1	1	2	3	7	1
1	2	2	1	18	3	8	1	6	2	2	3	3	3	3	9	6	4	1	1	3	4	9	4	4	2	2	192	190	175	2	1	1	1	1	5	3	2	1	2	2	2	2	16	30	28	22	14	1	1	1	1	96	15	1	4	3	2	1	2	3	32	9	2	2	1	1	2	3	1
1	3	3	1	19	20	11	2	7	1	3	4	4	4	4	10	1	1	3	1	1	2	4	3	3	1	1	1	14	170	6	5	4	2	1	1	1	1	1	3	3	3	3	20	33	2	1	1	1	1	2	1	98	16	2	5	1	1	1	2	3	36	46	3	3	2	1	2	1	2
1	8	4	2	1	21	12	1	8	2	4	5	5	5	26	21	10	8	6	2	1	1	1	2	2	5	6	12	13	163	158	1	2	1	1	1	2	2	2	4	4	4	1	57	36	2	1	1	2	2	3	1	100	17	13	10	4	2	1	2	4	5	52	4	4	3	1	4	5	1
1	9	1	3	2	22	13	2	9	3	5	6	6	6	27	1	1	1	8	7	6	5	1	1	1	4	3	5	1	4	156	5	4	1	2	2	3	3	3	10	5	5	63	61	3	1	1	3	3	3	4	1	102	120	15	1	1	1	1	1	1	1	54	59	64	4	1	1	7	1
1	12	2	4	3	23	14	3	10	14	6	7	7	7	45	17	15	13	11	2	1	3	2	1	1	3	2	1	1	2	150	133	1	1	3	3	4	4	4	12	1	71	65	1	1	1	1	5	4	4	5	1	1	141	19	3	2	2	2	2	1	2	3	4	69	5	2	1	8	1
1	13	1	5	4	24	39	4	1	15	7	8	8	8	52	6	5	4	3	2	1	2	1	1	1	1	1	1	5	13	16	131	128	125	120	115	107	102	94	89	75	74	2	1	1	2	3	6	5	5	6	2	1	142	1	1	1	3	3	3	1	1	2	3	73	79	3	2	9	10
15	14	2	6	5	1	40	5	2	16	8	9	9	9	56	3	2	1	1	1	4	3	1	2	2	1	1	2	3	7	2	2	2	3	1	4	2	3	1	1	1	1	2	1	2	1	4	7	13	6	7	3	5	143	6	4	2	4	4	4	3	1	1	2	3	83	4	4	1	1
1	1	3	10	6	2	41	6	3	17	9	10	10	10	57	7	6	5	4	2	5	1	2	3	6	3	1	1	4	6	1	1	1	2	1	1	1	1	1	2	2	2	3	1	3	2	5	1	15	7	8	1	7	144	7	2	1	5	10	10	5	1	1	2	1	85	5	5	1	1
1	2	1	11	7	3	42	7	4	18	10	11	11	79	68	10	2	1	1	1	15	9	7	4	7	2	1	1	2	1	1	2	1	4	3	2	1	1	1	4	3	3	4	2	4	7	6	1	17	8	9	1	9	145	12	4	1	1	12	13	2	1	1	4	5	91	97	8	2	1
1	3	2	12	8	4	43	8	5	19	11	12	12	80	1	1	1	1	2	2	16	1	1	1	8	3	1	1	1	1	1	3	2	5	1	1	1	2	1	5	4	4	5	3	1	8	7	1	18	9	10	1	10	146	13	1	1	1	13	14	1	1	1	1	1	1	98	9	1	1
